20170102 3:0:00  0 0
20170102 3:10:00  0 0
20170102 3:20:00  1 1
20170102 3:30:00  1 2
20170102 3:40:00  0 2
20170102 3:50:00  0 2
20170102 4:0:00  0 2
20170102 4:10:00  0 2
20170102 4:20:00  0 2
20170102 4:30:00  0 2
20170102 4:40:00  0 2
20170102 4:50:00  0 2
20170102 5:0:00  0 2
20170102 5:10:00  3 5
20170102 5:20:00  9 14
20170102 5:30:00  2 16
20170102 5:40:00  8 24
20170102 5:50:00  13 37
20170102 6:0:00  25 62
20170102 6:10:00  25 87
20170102 6:20:00  22 109
20170102 6:30:00  32 141
20170102 6:40:00  20 161
20170102 6:50:00  47 208
20170102 7:0:00  45 253
20170102 7:10:00  50 303
20170102 7:20:00  55 358
20170102 7:30:00  68 426
20170102 7:40:00  49 475
20170102 7:50:00  69 544
20170102 8:0:00  81 625
20170102 8:10:00  98 723
20170102 8:20:00  94 817
20170102 8:30:00  85 902
20170102 8:40:00  87 989
20170102 8:50:00  75 1064
20170102 9:0:00  90 1154
20170102 9:10:00  95 1249
20170102 9:20:00  104 1353
20170102 9:30:00  120 1473
20170102 9:40:00  145 1618
20170102 9:50:00  140 1758
20170102 10:0:00  143 1901
20170102 10:10:00  167 2068
20170102 10:20:00  188 2256
20170102 10:30:00  195 2451
20170102 10:40:00  252 2703
20170102 10:50:00  247 2950
20170102 11:0:00  292 3242
20170102 11:10:00  281 3523
20170102 11:20:00  282 3805
20170102 11:30:00  301 4106
20170102 11:40:00  326 4432
20170102 11:50:00  289 4721
20170102 12:0:00  366 5087
20170102 12:10:00  434 5521
20170102 12:20:00  440 5961
20170102 12:30:00  504 6465
20170102 12:40:00  474 6939
20170102 12:50:00  535 7474
20170102 13:0:00  621 8095
20170102 13:10:00  639 8734
20170102 13:20:00  658 9392
20170102 13:30:00  684 10076
20170102 13:40:00  804 10880
20170102 13:50:00  779 11659
20170102 14:0:00  818 12477
20170102 14:10:00  931 13408
20170102 14:20:00  846 14254
20170102 14:30:00  899 15153
20170102 14:40:00  966 16119
20170102 14:50:00  1008 17127
20170102 15:0:00  1099 18226
20170102 15:10:00  1157 19383
20170102 15:20:00  1193 20576
20170102 15:30:00  1227 21803
20170102 15:40:00  1249 23052
20170102 15:50:00  1206 24258
20170102 16:0:00  1259 25517
20170102 16:10:00  1264 26781
20170102 16:20:00  1319 28100
20170102 16:30:00  1340 29440
20170102 16:40:00  1309 30749
20170102 16:50:00  1394 32143
20170102 17:0:00  1317 33460
20170102 17:10:00  1391 34851
20170102 17:20:00  1344 36195
20170102 17:30:00  1367 37562
20170102 17:40:00  1595 39157
20170102 17:50:00  1365 40522
20170102 18:0:00  1365 41887
20170102 18:10:00  1656 43543
20170102 18:20:00  1306 44849
20170102 18:30:00  1281 46130
20170102 18:40:00  1184 47314
20170102 18:50:00  1136 48450
20170102 19:0:00  1156 49606
20170102 19:10:00  1161 50767
20170102 19:20:00  1062 51829
20170102 19:30:00  1082 52911
20170102 19:40:00  1047 53958
20170102 19:50:00  1120 55078
20170102 20:0:00  1176 56254
20170102 20:10:00  1284 57538
20170102 20:20:00  1218 58756
20170102 20:30:00  1300 60056
20170102 20:40:00  1156 61212
20170102 20:50:00  1213 62425
20170102 21:0:00  1169 63594
20170102 21:10:00  1266 64860
20170102 21:20:00  1131 65991
20170102 21:30:00  1239 67230
20170102 21:40:00  1071 68301
20170102 21:50:00  972 69273
20170102 22:0:00  1093 70366
20170102 22:10:00  1602 71968
20170102 22:20:00  1349 73317
20170102 22:30:00  597 73914
20170102 22:40:00  339 74253
20170102 22:50:00  185 74438
20170102 23:0:00  157 74595
20170102 23:10:00  136 74731
20170102 23:20:00  81 74812
20170102 23:30:00  22 74834
20170102 23:40:00  14 74848
20170102 23:50:00  14 74862
